mu =

   2000.6809      3.1702
   2000.6809      3.1702
   2000.6809      3.1702
   2000.6809      3.1702
   2000.6809      3.1702
   2000.6809      3.1702
   2000.6809      3.1702
   2000.6809      3.1702
   2000.6809      3.1702
   2000.6809      3.1702
   2000.6809      3.1702
   2000.6809      3.1702
   2000.6809      3.1702
   2000.6809      3.1702
   2000.6809      3.1702
   2000.6809      3.1702
   2000.6809      3.1702
   2000.6809      3.1702
   2000.6809      3.1702
   2000.6809      3.1702
   2000.6809      3.1702
   2000.6809      3.1702
   2000.6809      3.1702
   2000.6809      3.1702
   2000.6809      3.1702
   2000.6809      3.1702
   2000.6809      3.1702
   2000.6809      3.1702
   2000.6809      3.1702
   2000.6809      3.1702
   2000.6809      3.1702
   2000.6809      3.1702
   2000.6809      3.1702
   2000.6809      3.1702
   2000.6809      3.1702
   2000.6809      3.1702
   2000.6809      3.1702
   2000.6809      3.1702
   2000.6809      3.1702
   2000.6809      3.1702
   2000.6809      3.1702
   2000.6809      3.1702
   2000.6809      3.1702
   2000.6809      3.1702
   2000.6809      3.1702
   2000.6809      3.1702
   2000.6809      3.1702

sigma =

   794.70235     0.76098
   794.70235     0.76098
   794.70235     0.76098
   794.70235     0.76098
   794.70235     0.76098
   794.70235     0.76098
   794.70235     0.76098
   794.70235     0.76098
   794.70235     0.76098
   794.70235     0.76098
   794.70235     0.76098
   794.70235     0.76098
   794.70235     0.76098
   794.70235     0.76098
   794.70235     0.76098
   794.70235     0.76098
   794.70235     0.76098
   794.70235     0.76098
   794.70235     0.76098
   794.70235     0.76098
   794.70235     0.76098
   794.70235     0.76098
   794.70235     0.76098
   794.70235     0.76098
   794.70235     0.76098
   794.70235     0.76098
   794.70235     0.76098
   794.70235     0.76098
   794.70235     0.76098
   794.70235     0.76098
   794.70235     0.76098
   794.70235     0.76098
   794.70235     0.76098
   794.70235     0.76098
   794.70235     0.76098
   794.70235     0.76098
   794.70235     0.76098
   794.70235     0.76098
   794.70235     0.76098
   794.70235     0.76098
   794.70235     0.76098
   794.70235     0.76098
   794.70235     0.76098
   794.70235     0.76098
   794.70235     0.76098
   794.70235     0.76098
   794.70235     0.76098

X_norm =

   1.3001e-01  -2.2368e-01
  -5.0419e-01  -2.2368e-01
   5.0248e-01  -2.2368e-01
  -7.3572e-01  -1.5378e+00
   1.2575e+00   1.0904e+00
  -1.9732e-02   1.0904e+00
  -5.8724e-01  -2.2368e-01
  -7.2188e-01  -2.2368e-01
  -7.8102e-01  -2.2368e-01
  -6.3757e-01  -2.2368e-01
  -7.6357e-02   1.0904e+00
  -8.5674e-04  -2.2368e-01
  -1.3927e-01  -2.2368e-01
   3.1173e+00   2.4045e+00
  -9.2196e-01  -2.2368e-01
   3.7664e-01   1.0904e+00
  -8.5652e-01  -1.5378e+00
  -9.6222e-01  -2.2368e-01
   7.6547e-01   1.0904e+00
   1.2965e+00   1.0904e+00
  -2.9405e-01  -2.2368e-01
  -1.4179e-01  -1.5378e+00
  -4.9916e-01  -2.2368e-01
  -4.8673e-02   1.0904e+00
   2.3774e+00  -2.2368e-01
  -1.1334e+00  -2.2368e-01
  -6.8287e-01  -2.2368e-01
   6.6103e-01  -2.2368e-01
   2.5081e-01  -2.2368e-01
   8.0070e-01  -2.2368e-01
  -2.0345e-01  -1.5378e+00
  -1.2592e+00  -2.8519e+00
   4.9477e-02   1.0904e+00
   1.4299e+00  -2.2368e-01
  -2.3868e-01   1.0904e+00
  -7.0930e-01  -2.2368e-01
  -9.5845e-01  -2.2368e-01
   1.6524e-01   1.0904e+00
   2.7864e+00   1.0904e+00
   2.0299e-01   1.0904e+00
  -4.2366e-01  -1.5378e+00
   2.9863e-01  -2.2368e-01
   7.1262e-01   1.0904e+00
  -1.0075e+00  -2.2368e-01
  -1.4454e+00  -1.5378e+00
  -1.8709e-01   1.0904e+00
  -1.0037e+00  -2.2368e-01

